50 1225
37 21 50
23 24 9
14 31 3
44 23 10
18 28 28
33 6 47
17 47 36
38 36 49
21 44 30
37 18 6
8 38 15
20 3 49
19 38 44
27 33 9
40 3 36
10 36 9
36 49 18
16 14 29
24 28 47
4 21 3
22 36 4
36 4 23
25 6 41
7 45 9
16 46 45
10 1 25
12 21 44
45 33 29
15 36 5
37 29 35
14 49 42
4 21 9
42 4 42
10 43 42
5 25 20
41 2 5
30 29 13
28 48 44
7 32 43
30 40 37
15 19 23
27 23 49
24 4 21
16 11 9
24 15 4
39 49 21
0 4 48
4 23 6
31 14 26
40 33 5
22 4 2
44 45 42
16 41 34
41 10 44
30 26 19
7 45 12
23 0 10
24 15 5
10 47 31
41 34 49
3 5 12
8 39 47
2 43 41
39 27 16
14 43 50
1 41 1
25 24 13
38 44 10
45 36 47
29 0 25
29 27 43
4 37 36
40 24 48
24 30 30
29 28 29
0 33 10
35 36 24
37 1 34
28 46 37
4 34 36
7 29 46
46 3 29
14 4 32
22 28 40
41 24 27
1 34 8
32 9 8
12 9 43
46 6 17
6 15 21
16 20 44
28 43 27
4 3 7
37 26 13
3 38 50
22 49 49
21 5 49
38 48 42
17 44 46
3 40 11
38 3 44
7 22 30
27 42 44
39 27 44
14 40 15
30 48 47
12 2 21
49 11 44
11 25 19
22 44 29
23 30 50
0 7 30
39 24 2
1 48 8
6 22 46
48 6 39
30 5 29
15 2 41
44 36 3
28 35 31
3 30 27
29 16 45
7 1 11
44 21 15
37 2 7
25 7 3
20 41 45
2 24 2
4 39 16
0 43 19
20 29 7
36 40 24
26 20 34
22 2 44
45 7 22
16 11 45
36 43 47
31 27 43
38 4 44
9 43 21
27 26 9
42 49 43
48 17 30
16 9 3
22 15 44
3 34 19
39 44 13
9 6 23
45 17 35
19 43 29
42 10 39
37 45 17
43 29 37
17 23 37
46 2 20
19 1 49
23 49 17
42 19 10
0 49 47
9 31 44
3 15 6
23 16 50
40 11 1
41 49 39
27 32 15
2 5 31
6 33 36
21 28 26
25 30 36
24 35 14
4 33 4
47 43 36
40 37 17
26 48 7
29 5 24
20 19 4
19 18 5
4 47 39
13 6 15
28 6 46
16 9 7
31 36 23
34 6 15
16 13 29
35 1 26
41 13 31
3 22 43
25 30 29
39 31 5
32 3 22
2 43 13
7 26 2
42 44 43
29 24 30
11 32 4
43 27 21
33 18 26
8 36 4
10 40 14
11 30 35
41 12 16
45 44 48
46 34 31
13 30 6
40 28 42
34 31 48
13 25 6
13 12 38
48 0 32
43 21 37
12 10 15
25 36 13
6 1 49
0 26 15
45 40 8
46 33 9
34 40 46
14 43 26
9 17 29
3 22 13
10 18 20
17 7 20
30 18 18
10 22 43
21 10 17
47 41 47
12 18 18
27 16 4
47 7 36
29 21 7
1 39 27
33 7 36
14 46 9
3 23 3
45 17 8
27 40 20
49 27 46
24 37 8
30 24 46
46 10 10
41 23 19
8 20 5
18 16 29
32 30 42
42 39 24
4 7 15
2 6 35
15 36 27
41 17 3
14 23 12
44 8 36
30 23 33
1 40 26
17 8 3
49 48 9
8 6 44
38 3 2
31 38 30
34 26 46
1 20 18
20 1 34
39 19 14
5 31 17
44 3 41
47 41 28
44 24 46
24 49 6
12 26 17
23 30 44
22 5 34
9 42 27
19 39 44
43 10 42
14 9 13
38 6 16
19 34 1
49 20 14
26 21 41
43 3 11
8 21 34
38 41 31
41 33 22
49 8 36
15 13 6
42 45 24
34 41 43
46 20 37
44 11 41
37 45 26
47 49 42
14 42 7
33 23 46
27 43 38
22 44 50
17 3 30
28 34 31
1 21 47
42 20 32
40 23 16
2 44 25
16 29 34
9 34 35
4 41 42
29 10 8
40 45 24
18 24 24
10 34 33
21 23 39
48 8 25
0 4 6
28 5 29
45 15 20
26 0 19
16 26 15
39 8 45
20 9 18
3 45 5
7 49 4
37 3 35
46 11 26
2 11 8
30 41 42
14 25 31
44 27 12
39 36 31
29 13 38
42 24 38
32 18 12
44 25 31
44 25 18
40 27 7
34 28 25
16 6 18
48 26 1
16 10 5
19 4 45
8 34 32
44 14 5
27 43 12
6 22 7
46 40 39
8 1 38
36 2 35
12 44 17
13 37 4
42 29 16
31 21 37
22 5 30
21 11 26
45 28 12
44 2 48
47 13 26
30 10 47
41 19 21
45 13 18
19 40 7
10 8 29
34 49 1
10 30 30
8 45 15
15 17 38
42 22 21
5 16 1
40 16 16
46 31 22
40 11 4
36 27 10
15 6 28
36 0 32
26 15 16
0 42 48
37 23 32
36 14 35
6 13 25
28 33 22
14 44 47
11 44 1
5 1 31
16 46 42
41 30 9
32 19 11
37 33 34
28 33 25
0 6 14
43 23 34
27 36 29
10 2 5
27 47 39
28 18 42
11 1 18
44 24 45
37 8 14
27 47 37
14 26 22
6 24 43
4 28 39
24 2 45
7 12 24
34 33 20
43 26 29
6 44 22
4 0 38
47 41 30
41 36 4
29 27 48
38 7 8
25 12 6
37 46 1
17 8 7
16 17 39
46 26 43
40 48 17
5 13 30
2 40 19
47 12 32
28 34 1
6 25 30
49 15 33
21 38 6
13 45 37
2 3 21
9 28 13
15 46 12
27 43 48
5 20 4
5 2 30
2 48 40
7 47 16
38 23 47
9 42 47
23 0 3
17 23 16
15 19 17
45 18 9
2 4 32
15 18 37
4 48 2
26 8 19
44 45 15
29 20 20
22 29 1
24 37 35
5 42 39
20 44 40
14 46 1
21 23 43
24 27 27
12 36 31
2 33 36
5 10 27
8 13 29
29 6 50
39 24 19
28 3 28
34 23 17
30 40 35
48 23 29
21 19 33
28 27 40
5 2 49
31 40 27
26 28 42
32 40 8
22 15 42
25 14 45
35 22 30
18 41 8
37 29 9
47 41 47
27 2 11
24 30 34
45 37 14
17 11 42
9 15 46
41 2 19
30 16 34
34 4 41
40 20 16
27 28 40
35 41 11
34 29 18
47 5 32
27 13 11
36 3 30
24 23 41
24 22 25
40 48 12
37 40 48
35 14 20
33 6 25
27 28 3
3 45 13
29 12 20
7 40 38
42 21 24
13 10 6
39 43 50
5 22 31
20 1 38
21 0 19
38 47 3
2 15 9
30 2 30
14 0 35
9 49 47
33 19 39
44 0 38
14 44 28
35 31 1
11 2 39
36 23 19
26 5 18
20 0 31
38 5 25
39 1 16
36 20 7
19 21 33
0 19 31
7 46 40
18 11 37
4 32 48
22 5 48
16 41 23
31 19 22
43 41 32
36 31 41
8 20 38
25 0 27
43 41 27
10 14 1
15 12 35
2 13 22
31 49 36
28 18 27
9 19 21
16 24 46
48 47 17
1 42 19
29 7 9
10 8 19
6 40 2
42 31 26
14 41 46
29 39 21
2 31 11
12 27 42
24 21 19
4 37 27
12 20 34
33 9 22
10 46 5
28 38 29
2 0 23
8 45 37
13 7 13
23 29 45
20 41 30
32 29 37
19 17 15
5 30 29
2 41 50
0 26 45
5 15 14
0 28 24
38 29 15
13 44 49
39 42 3
4 42 47
18 0 48
33 47 14
29 21 43
34 20 30
40 31 45
13 14 13
9 18 22
2 6 14
10 45 15
21 14 11
20 23 13
47 38 10
28 6 28
10 1 21
30 8 36
21 48 39
4 43 43
18 24 30
27 7 13
21 16 31
40 8 39
45 19 10
21 10 1
18 44 16
32 13 24
4 15 25
15 22 45
24 40 18
11 26 23
35 18 32
24 3 2
7 8 24
49 36 22
13 22 18
7 17 18
39 26 26
39 13 44
34 13 24
35 11 3
14 30 33
14 37 33
47 8 45
27 36 31
27 40 25
43 25 2
45 49 21
24 44 22
32 19 33
36 13 46
16 46 24
10 6 5
37 28 28
27 45 18
11 22 21
31 36 2
46 25 1
47 16 20
29 14 18
41 1 15
14 37 3
9 19 21
47 46 25
40 13 27
28 36 3
36 46 17
0 17 38
38 22 14
18 38 6
48 38 17
48 46 25
30 15 12
7 23 21
30 33 12
25 31 29
4 48 4
15 49 26
6 20 5
14 27 20
43 31 22
26 8 20
43 36 50
27 6 39
34 9 42
46 26 6
38 33 17
14 47 2
32 24 7
35 8 18
30 45 15
29 37 25
13 29 50
7 9 49
38 19 42
33 40 26
9 42 6
44 13 37
17 24 34
42 29 19
33 17 12
32 46 20
18 40 26
6 38 20
32 49 20
8 13 4
23 6 24
30 28 35
49 0 1
48 18 6
39 27 36
16 42 45
42 33 27
0 44 36
9 1 2
18 8 14
23 40 19
25 37 31
32 5 22
3 45 42
25 18 44
38 43 37
41 25 1
3 20 24
35 44 21
34 12 25
27 2 21
46 29 37
19 20 19
16 37 17
42 15 38
12 41 14
48 34 2
1 34 39
36 24 48
5 32 22
31 1 44
32 20 6
45 46 24
15 7 39
34 47 14
29 9 43
42 43 18
38 0 2
38 36 24
30 3 4
12 37 8
5 1 14
48 34 31
24 23 4
4 3 42
3 38 26
35 20 26
36 4 35
30 8 29
26 34 48
23 24 3
17 41 12
6 27 28
14 45 24
30 9 37
13 35 19
29 1 46
16 27 48
16 31 14
43 26 26
1 45 29
37 41 3
6 1 6
7 22 34
2 22 12
25 26 5
7 12 10
48 4 23
46 26 1
39 37 6
16 35 28
9 40 26
9 39 14
15 23 31
47 37 6
48 19 2
21 3 48
39 17 44
0 3 40
32 49 10
24 6 31
44 23 50
22 0 8
24 42 8
48 39 7
23 39 34
30 7 11
25 20 40
3 19 48
13 35 36
1 8 4
23 37 45
22 46 9
11 8 5
7 9 49
2 47 46
21 4 49
17 31 4
14 23 17
3 17 49
43 32 39
3 28 9
10 33 38
29 13 32
18 0 5
41 36 29
32 43 28
18 6 31
2 10 13
25 17 3
10 16 24
19 49 46
31 20 18
28 46 33
45 49 39
23 30 21
35 8 48
2 40 46
45 15 31
4 18 7
13 22 14
39 27 15
30 48 24
21 10 20
47 26 1
5 16 16
29 1 15
2 37 15
3 0 7
6 47 16
9 37 45
2 29 33
30 28 36
7 16 22
39 46 19
19 4 9
45 13 31
9 21 6
23 40 15
14 9 48
31 15 5
5 28 4
47 0 5
17 2 9
30 34 27
40 39 43
4 7 21
4 41 10
44 28 27
36 24 30
33 46 29
28 11 20
31 46 22
23 47 37
18 12 9
15 18 38
35 1 14
23 46 28
42 2 37
40 8 24
15 12 42
15 6 24
1 24 50
37 10 12
5 45 10
39 30 13
9 36 38
8 7 16
46 42 26
16 17 40
6 14 37
38 26 5
18 11 47
17 0 1
43 18 3
37 15 6
44 11 39
16 18 15
21 27 11
32 9 29
0 24 44
24 40 34
17 7 30
24 34 8
35 8 16
28 48 14
34 1 39
23 34 17
1 19 43
10 42 13
20 41 45
38 20 19
8 9 26
44 9 33
0 7 20
41 7 38
31 24 40
0 32 23
2 26 23
3 20 4
25 23 22
49 35 45
1 34 41
26 23 22
6 32 13
17 31 42
19 18 14
38 14 31
4 35 15
44 33 49
44 28 10
9 6 1
42 41 44
12 4 38
23 39 30
36 41 25
10 37 27
38 35 2
30 24 13
46 45 39
9 10 38
33 7 18
27 24 48
45 48 35
38 3 22
35 5 21
24 40 9
35 39 10
31 28 35
14 3 36
43 28 16
26 48 33
31 5 47
12 19 33
5 12 27
27 44 6
27 8 5
35 43 47
31 44 21
45 13 10
12 6 13
5 13 50
22 17 48
18 27 5
7 18 28
38 22 18
30 8 8
29 25 32
17 13 26
29 34 24
37 18 44
48 40 26
43 40 40
1 21 41
1 34 10
31 48 16
43 21 9
49 48 24
39 15 13
3 41 36
42 8 45
19 7 17
5 42 21
28 33 41
1 31 20
43 23 8
8 38 3
21 17 35
30 47 47
42 9 14
48 25 29
39 40 1
35 30 39
14 11 39
14 42 46
40 32 30
34 39 44
17 49 3
43 30 34
0 22 50
44 14 19
45 12 21
18 45 35
30 45 26
42 49 27
45 14 29
44 26 13
35 36 25
26 25 22
3 27 20
9 3 19
39 44 24
26 30 21
36 41 46
31 47 6
15 33 13
41 7 48
22 14 7
0 18 7
41 34 7
49 17 49
5 2 14
41 25 3
15 31 34
23 36 45
43 23 20
17 21 14
18 22 48
36 11 39
40 25 23
17 1 33
12 11 25
15 18 11
8 14 5
19 32 38
29 4 6
36 4 27
28 2 6
22 2 18
47 10 3
49 39 41
40 48 38
21 26 27
39 19 40
46 15 24
34 30 7
28 46 21
9 37 46
14 19 30
31 41 9
32 22 22
9 25 17
44 42 5
42 24 38
14 4 29
23 18 6
3 41 3
49 48 32
13 34 38
37 19 7
1 35 8
29 21 19
2 8 27
21 36 3
23 24 45
7 5 41
19 13 49
13 47 16
20 22 40
10 6 19
35 11 49
20 3 10
48 26 29
24 45 41
17 45 44
36 26 30
17 6 30
40 21 38
31 28 3
6 43 37
47 29 47
16 10 15
19 10 17
40 12 34
9 32 19
19 2 30
9 36 2
31 27 47
17 11 44
42 11 23
43 19 15
12 30 39
33 25 29
24 46 6
17 40 4
28 40 36
11 5 19
12 19 12
38 31 11
6 16 19
28 0 13
21 25 11
24 10 45
44 10 10
3 33 1
1 5 36
11 15 3
6 28 39
25 46 1
3 49 41
40 37 19
1 27 43
28 4 5
3 31 28
25 41 23
7 16 41
25 0 49
29 35 50
15 6 23
4 32 41
6 35 36
0 17 34
43 10 15
15 13 44
42 20 45
31 37 48
39 18 47
12 5 14
30 21 15
11 12 27
19 43 23
9 46 34
16 42 47
40 1 16
3 25 5
38 46 41
9 15 12
26 6 49
7 2 21
15 32 16
49 9 17
32 17 26
26 18 44
43 34 47
38 14 37
32 22 21
15 23 20
39 6 25
32 37 33
32 45 15
32 44 43
37 10 19
43 6 29
42 11 22
20 10 28
43 1 28
1 25 4
15 22 50
23 13 9
40 31 12
7 31 23
22 30 37
28 49 34
16 24 17
23 43 39
17 3 3
26 4 39
0 34 50
30 40 2
37 44 29
28 39 20
20 30 12
20 0 18
1 15 48
41 25 3
49 46 37
42 21 7
16 11 26
29 13 21
16 44 21
5 9 15
24 37 33
25 22 43
21 1 8
21 17 45
30 9 45
29 16 2
4 33 39
13 17 46
28 15 44
28 41 37
13 24 44
3 10 34
5 30 33
48 23 4
22 42 29
40 22 45
29 47 41
0 45 20
5 30 30
10 5 21
41 6 29
17 10 11
38 12 27
6 14 22
9 19 49
8 36 17
11 28 37
6 17 32
2 46 4
4 6 41
36 12 33
32 44 42
23 28 15
39 18 15
21 45 18
12 13 22
18 7 41
2 18 42
15 23 5
10 22 8
35 20 44
19 30 26
33 42 48
28 23 47
36 24 16
44 33 16
34 46 11
10 1 4
6 36 4
26 1 27
12 49 14
22 4 31
27 8 21
11 35 6
37 1 48
34 14 7
10 12 38
24 1 43
46 10 20
36 1 21
45 10 10
9 25 45
18 27 6
25 16 45
26 41 11
8 11 6
4 37 8
19 41 16
46 7 34
30 2 33
13 40 47
16 14 44
44 38 34
37 6 34
14 3 32
32 6 41
46 12 49
32 17 8
7 16 32
29 34 43
33 34 42
48 9 22
46 22 6
21 46 41
25 37 34
3 48 27
18 49 36
24 11 15
1 23 31
4 16 28
43 14 31
13 25 37
