33 464
13 14 68
7 4 33
6 3 72
10 25 77
20 12 13
10 27 19
10 1 77
29 30 17
26 1 64
29 11 1
6 7 93
23 4 82
9 0 45
10 24 91
31 22 37
19 32 31
7 10 15
20 13 83
12 28 39
14 17 79
12 25 68
7 31 74
20 10 21
12 27 74
14 12 49
12 11 28
6 18 36
25 13 3
28 31 52
25 4 53
17 12 21
11 23 34
27 19 53
6 8 23
25 24 85
22 13 58
26 25 60
28 1 42
25 26 75
24 6 44
17 13 18
5 26 17
4 10 86
10 21 53
6 20 43
17 14 74
26 8 57
25 15 28
10 28 70
31 24 56
25 28 11
19 4 64
32 13 65
16 32 100
17 22 19
4 8 81
13 24 79
22 23 66
5 5 52
32 10 1
1 2 40
6 12 1
26 23 56
27 14 10
10 5 80
30 1 13
14 31 82
13 19 25
20 29 31
27 11 20
28 23 96
5 5 8
27 6 7
26 24 79
12 21 31
3 5 100
14 15 87
11 4 26
32 4 90
25 26 49
11 21 75
0 21 17
2 7 40
28 31 79
16 11 67
30 23 73
7 3 33
23 9 89
0 25 69
20 22 79
11 10 63
9 17 47
6 29 98
7 18 23
12 28 9
32 9 89
9 18 85
26 1 28
17 10 1
2 10 89
23 20 30
1 4 30
31 16 1
24 26 2
9 17 76
12 30 68
10 19 78
19 27 99
5 0 45
25 25 52
7 30 64
32 15 56
21 6 25
17 29 40
19 0 30
15 0 72
7 8 78
12 15 98
20 22 63
6 25 38
7 10 74
14 26 10
19 15 28
9 27 69
22 8 46
9 7 62
3 2 64
4 6 27
2 17 90
25 14 91
6 12 40
18 27 72
4 14 62
8 25 95
16 16 98
27 25 45
9 27 60
1 25 28
1 20 68
21 0 2
30 13 21
21 10 67
14 21 21
20 25 3
18 12 4
18 27 66
3 11 41
29 19 35
0 22 72
22 19 22
25 30 89
8 4 24
32 12 71
5 2 40
9 3 9
31 3 76
7 22 72
26 23 75
28 8 48
9 20 8
31 2 41
6 20 96
3 26 28
31 13 69
11 26 69
12 17 93
5 20 75
18 13 76
10 26 43
16 29 2
9 8 9
9 7 69
20 17 52
0 20 3
21 30 44
20 16 1
9 12 49
29 0 2
8 11 32
31 4 64
31 27 95
20 8 78
31 0 71
14 19 68
3 9 54
7 28 76
17 23 56
15 14 10
32 17 33
9 11 70
28 25 39
12 26 4
2 13 66
0 14 28
17 8 17
24 19 48
8 27 66
6 14 77
23 6 60
29 22 65
16 12 29
31 13 34
16 1 65
30 2 32
19 4 81
26 14 42
2 30 28
23 4 49
29 17 15
22 21 18
3 6 56
22 3 67
22 25 59
4 18 81
15 19 76
3 30 80
7 22 41
19 0 63
1 28 50
13 1 24
13 28 56
8 9 34
12 16 51
32 18 11
17 3 15
25 9 77
20 12 26
18 30 18
1 14 66
22 21 53
2 4 96
15 6 67
1 28 47
5 27 33
22 18 63
4 11 64
19 25 20
3 12 82
1 10 82
16 30 9
14 19 46
23 4 86
20 4 93
13 11 88
2 11 14
4 16 60
26 27 54
10 18 97
1 13 100
24 24 40
6 6 67
17 10 83
19 19 6
8 22 8
25 28 49
17 12 50
7 2 58
15 24 63
32 31 33
14 10 61
15 13 55
24 3 45
13 29 36
27 9 30
2 22 40
12 2 39
20 13 97
31 1 11
24 21 85
32 0 99
4 8 58
5 20 28
28 16 71
9 13 75
8 12 51
26 22 15
19 4 82
17 32 63
24 14 63
31 21 80
2 21 49
27 21 16
1 10 43
28 26 49
24 15 82
27 16 43
24 28 9
7 14 99
3 10 50
21 31 6
0 23 76
20 20 34
20 5 56
10 20 21
31 14 12
7 29 58
17 25 40
15 14 59
21 7 45
17 10 31
22 28 61
15 27 58
30 16 52
31 26 14
30 18 4
6 24 89
5 4 70
24 3 40
32 16 87
11 26 81
1 20 40
23 30 75
23 29 34
11 25 63
9 26 42
27 6 100
24 28 20
20 22 76
31 31 46
2 16 60
30 11 100
14 12 88
19 12 24
21 0 1
29 1 25
14 32 100
2 9 68
23 17 47
8 5 64
24 22 98
25 22 24
10 11 82
11 9 36
25 5 35
11 9 7
20 16 63
15 7 84
26 27 27
6 25 45
13 27 100
16 21 19
19 23 27
23 6 69
32 27 60
10 27 15
12 15 52
9 13 91
0 10 50
22 0 60
9 1 26
11 7 62
25 2 91
12 25 71
13 31 96
14 29 73
12 24 3
10 1 59
3 29 82
12 14 24
5 18 49
3 7 50
1 30 27
22 14 38
5 21 2
3 17 68
0 10 89
10 15 9
27 18 95
1 12 64
32 26 22
25 20 37
9 7 1
21 18 76
9 10 92
30 13 41
0 16 97
5 17 70
20 22 19
0 27 11
12 7 57
7 32 47
14 11 26
32 6 31
31 10 10
1 17 43
23 32 44
28 32 46
29 7 82
2 1 89
12 30 88
21 18 11
3 26 8
26 20 25
27 23 83
25 7 90
4 25 34
23 32 51
12 14 28
0 10 56
2 13 58
8 5 18
4 4 41
2 32 3
3 25 29
17 28 25
15 5 17
31 6 29
25 18 8
11 6 5
7 19 70
7 25 18
1 1 84
9 17 24
28 5 59
4 0 6
28 29 23
14 29 84
0 6 81
26 17 97
20 1 60
31 21 47
11 18 14
22 20 11
32 29 56
27 10 30
32 31 2
32 27 78
15 13 61
11 28 16
2 21 78
22 24 57
16 6 52
17 28 9
7 26 81
28 9 88
30 4 2
16 5 67
10 24 61
9 26 18
3 16 8
32 16 3
29 27 38
6 2 56
17 3 98
8 8 75
8 2 90
2 6 87
20 11 28
0 14 19
18 23 54
28 18 36
5 31 27
1 8 38
4 4 75
17 10 10
31 1 53
26 16 63
0 1 51
32 2 24
29 19 41
22 4 32
13 31 76
27 2 99
5 20 38
